56 0 0.46275 0.035294 DorsAttnB
107 1 0.59608 0.85098 SalVenAttnB
108 0.76863 0.22745 0.96471 SalVenAttnA
110 0.76863 0.22745 0.96078 SalVenAttnA
148 0.52941 0.19608 0.30588 ContB
174 0.46667 0.54902 0.69412 ContC
177 0.46667 0.54902 0.6902 ContC
189 0.047059 0.18824 0.99608 Language
254 0.27451 0.5098 0.72941 SomMotA
311 0.76863 0.22745 0.99608 SalVenAttnA
312 0.76863 0.22745 0.96471 SalVenAttnA
314 0.76863 0.22745 0.96078 SalVenAttnA
360 0.46667 0.54902 0.70588 ContC
361 0.90196 0.58039 0.14902 ContA
381 0.46667 0.54902 0.7098 ContC
384 0.46667 0.54902 0.71373 ContC
