3 0.47059 0.070588 0.53725 VisualA
56 0 0.46275 0.035294 DorsAttnB
70 0.2902 0.60784 0.2549 DorsAttnA
75 0.2902 0.60784 0.22353 DorsAttnA
76 0 0.46275 0.047059 DorsAttnB
77 0.2902 0.60784 0.21569 DorsAttnA
78 0.2902 0.60784 0.21961 DorsAttnA
79 0 0.46275 0.05098 DorsAttnB
80 0 0.46275 0.066667 DorsAttnB
81 0.2902 0.60784 0.24706 DorsAttnA
86 0.47059 0.070588 0.5451 VisualA
87 0.90196 0.58039 0.13725 ContA
88 0.2902 0.60784 0.23529 DorsAttnA
90 0.2902 0.60784 0.23922 DorsAttnA
91 0 0.46275 0.062745 DorsAttnB
98 0.76863 0.22745 0.98039 SalVenAttnA
99 0.90196 0.58039 0.12941 ContA
101 1 0.59608 0.82745 SalVenAttnB
103 1 0.59608 0.82353 SalVenAttnB
105 1 0.59608 0.81176 SalVenAttnB
106 1 0.59608 0.84314 SalVenAttnB
107 1 0.59608 0.85098 SalVenAttnB
108 0.76863 0.22745 0.96471 SalVenAttnA
110 0.76863 0.22745 0.96078 SalVenAttnA
127 0.90196 0.58039 0.12549 ContA
129 0.52941 0.19608 0.27451 ContB
130 0.52941 0.19608 0.28235 ContB
131 0.90196 0.58039 0.12157 ContA
132 0.90196 0.58039 0.11765 ContA
136 0.90196 0.58039 0.14902 ContA
137 0.90196 0.58039 0.15294 ContA
139 1 0.59608 0.84706 SalVenAttnB
140 0.90196 0.58039 0.1451 ContA
141 0.90196 0.58039 0.14118 ContA
143 0.46667 0.54902 0.68627 ContC
148 0.52941 0.19608 0.30588 ContB
162 1 1 0.0078431 DefaultA
166 0.80392 0.24314 0.32157 DefaultB
170 0.80392 0.24314 0.31765 DefaultB
172 0.047059 0.18824 0.98824 Language
174 0.46667 0.54902 0.69412 ContC
175 0.047059 0.18824 0.98431 Language
177 0.46667 0.54902 0.6902 ContC
182 0.80392 0.24314 0.31373 DefaultB
185 0.035294 0.16078 0.98039 Language
189 0.047059 0.18824 0.99608 Language
275 0.47059 0.070588 0.50196 VisualA
278 0.2902 0.60784 0.21569 DorsAttnA
280 0.90196 0.58039 0.12549 ContA
281 0.2902 0.60784 0.21961 DorsAttnA
282 0.2902 0.60784 0.23922 DorsAttnA
284 0.47059 0.070588 0.54902 VisualA
286 0.47059 0.070588 0.55294 VisualA
290 0.47059 0.070588 0.5451 VisualA
291 0.2902 0.60784 0.22353 DorsAttnA
293 0.2902 0.60784 0.22745 DorsAttnA
301 1 0.59608 0.84314 SalVenAttnB
303 1 0.59608 0.82745 SalVenAttnB
306 1 0.59608 0.82353 SalVenAttnB
309 1 0.59608 0.80784 SalVenAttnB
310 1 0.59608 0.84706 SalVenAttnB
311 0.76863 0.22745 0.99608 SalVenAttnA
312 0.76863 0.22745 0.96471 SalVenAttnA
314 0.76863 0.22745 0.96078 SalVenAttnA
332 0.52941 0.19608 0.27451 ContB
333 0.46667 0.54902 0.67451 ContC
334 0.90196 0.58039 0.12157 ContA
336 0.90196 0.58039 0.11765 ContA
337 0.52941 0.19608 0.28235 ContB
340 0.46667 0.54902 0.67843 ContC
343 0.52941 0.19608 0.26667 ContB
345 0.46667 0.54902 0.69804 ContC
346 0.90196 0.58039 0.1451 ContA
347 0.047059 0.18824 1 Language
349 0.90196 0.58039 0.14118 ContA
350 0.90196 0.58039 0.13725 ContA
351 0.46667 0.54902 0.69412 ContC
352 0.52941 0.19608 0.30588 ContB
353 0.047059 0.18824 0.99608 Language
355 0.90196 0.58039 0.13333 ContA
356 0.46667 0.54902 0.71765 ContC
358 0.46667 0.54902 0.66667 ContC
360 0.46667 0.54902 0.70588 ContC
361 0.90196 0.58039 0.14902 ContA
364 1 1 0 DefaultA
365 0.80392 0.24314 0.2902 DefaultB
366 0.52941 0.19608 0.27843 ContB
375 0.80392 0.24314 0.3098 DefaultB
377 0.047059 0.18824 0.98824 Language
378 0.52941 0.19608 0.27059 ContB
398 0.46667 0.54902 0.6902 ContC
