3 0.279689763779528 0.342950393700787 0.970688188976378
5 0.280640157480315 0.332107874015748 0.964108661417323
6 0.261166929133858 0.189453543307087 0.772329133858268
9 0.250329921259843 0.164864566929134 0.707270078740157
11 0.279689763779528 0.342950393700787 0.970688188976378
12 0.2422 0.1504 0.6603
14 0.280923622047244 0.288149606299213 0.931055118110236
15 0.250329921259843 0.164864566929134 0.707270078740157
18 0.279689763779528 0.342950393700787 0.970688188976378
19 0.281071653543307 0.321179527559055 0.956824409448819
23 0.181469291338583 0.51526062992126 0.975828346456693
24 0.211286614173228 0.469688976377953 0.994262992125984
27 0.147014960629921 0.605893700787402 0.910156692913386
28 0.127477165354331 0.642500787401575 0.890130708661417
31 0.19813937007874 0.777729921259843 0.618083464566929
73 0.0309629921259843 0.738771653543307 0.745977952755906
75 0.427310236220472 0.802870866141732 0.405162204724409
78 0.705572440944882 0.773333858267717 0.201922047244094
204 0.276669291338583 0.243967716535433 0.884588976377953
206 0.281386614173228 0.310236220472441 0.948848818897638
211 0.273828346456693 0.375814173228346 0.986544094488189
213 0.246415748031496 0.156929921259843 0.684789763779527
215 0.27944094488189 0.265862992125984 0.909973228346457
218 0.279689763779528 0.342950393700787 0.970688188976378
221 0.280640157480315 0.332107874015748 0.964108661417323
222 0.181469291338583 0.51526062992126 0.975828346456693
223 0.199188976377953 0.481761417322835 0.99012125984252
226 0.17503937007874 0.556966141732284 0.94604094488189
227 0.113900787401575 0.660092913385827 0.879061417322835
230 0.0570472440944882 0.74344094488189 0.732576377952756
281 0.803192913385827 0.753510236220472 0.155185826771654
282 0.570422047244094 0.79334094488189 0.297533070866142
284 0.925467716535433 0.729996850393701 0.195666141732283
286 0.942431496062992 0.728594488188976 0.213399212598425
301 0.9769 0.9839 0.0805
