3 0.1513 0.595 0.9182
5 0.2006 0.4803 0.9906
6 0.2517 0.4261 0.9974
9 0.2691 0.3916 0.9912
11 0.2556 0.4203 0.9965
12 0.2809 0.2875 0.9305
14 0.2809 0.3259 0.96
15 0.2774 0.2489 0.8908
18 0.2802 0.2764 0.9204
19 0.2628 0.1932 0.7828
23 0.2758 0.2382 0.8767
24 0.2422 0.1504 0.6603
27 0.2661 0.2011 0.8043
28 0.2594 0.1854 0.761
31 0.2422 0.1504 0.6603
73 0.2794 0.2653 0.9094
75 0.2691 0.2094 0.8249
78 0.2774 0.2489 0.8908
204 0.1869 0.4975 0.9844
206 0.2189 0.462 0.9968
211 0.225 0.4559 0.9985
213 0.2802 0.2764 0.9204
215 0.2794 0.2653 0.9094
218 0.2802 0.2764 0.9204
221 0.254 0.1732 0.7286
222 0.2814 0.3095 0.9483
223 0.2464 0.1569 0.6847
226 0.2594 0.1854 0.761
227 0.2749 0.233 0.8692
230 0.2558 0.1773 0.7393
281 0.267 0.3973 0.9924
282 0.254 0.1732 0.7286
284 0.2811 0.293 0.9352
286 0.2661 0.2011 0.8043
301 0.0638 0.7446 0.7292
