3 0.2788 0.2598 0.9035
4 0.2813 0.315 0.9524
5 0.2749 0.233 0.8692
6 0.2594 0.1854 0.761
8 0.2766 0.2435 0.884
9 0.2522 0.1689 0.7179
11 0.2729 0.2231 0.8528
12 0.2422 0.1504 0.6603
14 0.2628 0.1932 0.7828
15 0.2422 0.1504 0.6603
17 0.2788 0.2598 0.9035
18 0.2645 0.1972 0.7937
19 0.2558 0.1773 0.7393
23 0.2749 0.233 0.8692
24 0.2645 0.1972 0.7937
27 0.2774 0.2489 0.8908
28 0.2788 0.2598 0.9035
31 0.2807 0.3313 0.9636
73 0.2807 0.3313 0.9636
75 0.2691 0.3916 0.9912
77 0.2128 0.4682 0.9948
78 0.2424 0.4378 0.9991
80 0.2006 0.4803 0.9906
81 0.267 0.3973 0.9924
82 0.2311 0.4497 0.9995
86 0.1009 0.675 0.8653
87 0.0855 0.6865 0.8513
88 0.1185 0.6541 0.8834
91 0.1119 0.6627 0.877
127 0.2798 0.3421 0.9702
203 0.2811 0.293 0.9352
204 0.2691 0.2094 0.8249
205 0.2809 0.3259 0.96
206 0.2729 0.2231 0.8528
208 0.254 0.1732 0.7286
209 0.2794 0.2653 0.9094
210 0.2594 0.1854 0.761
211 0.2758 0.2382 0.8767
213 0.2422 0.1504 0.6603
215 0.2558 0.1773 0.7393
216 0.2809 0.2875 0.9305
218 0.2645 0.1972 0.7937
219 0.2794 0.2653 0.9094
221 0.254 0.1732 0.7286
222 0.2774 0.2489 0.8908
223 0.2676 0.2052 0.8148
226 0.274 0.228 0.8612
227 0.2806 0.2819 0.9255
229 0.2802 0.2764 0.9204
230 0.2814 0.3095 0.9483
275 0.2766 0.3638 0.9817
278 0.1785 0.5296 0.9677
280 0.2591 0.4145 0.9955
281 0.1903 0.4919 0.9867
282 0.2691 0.3916 0.9912
284 0.195 0.4861 0.9887
285 0.2741 0.3748 0.9862
286 0.2189 0.462 0.9968
290 0.1085 0.6669 0.8734
291 0.1085 0.6669 0.8734
293 0.1152 0.6584 0.8804
301 0.1048 0.671 0.8695
311 0.0328 0.7071 0.8183
336 0.1869 0.4975 0.9844
349 0.0019 0.722 0.7878
350 0.0914 0.6828 0.8562
351 0.0638 0.7446 0.7292
352 0.0091 0.7163 0.8003
354 0.0018 0.7275 0.7752
356 0.2791 0.3475 0.9733
