3 0.47059 0.070588 0.53725 VisualA
4 1 0 0.0078431 VisualB
5 0.47059 0.070588 0.53333 VisualA
6 0.47059 0.070588 0.52941 VisualA
8 0.47059 0.070588 0.52549 VisualA
9 0.47843 0.52941 0.2 VisualC
11 1 0 0 VisualB
12 0.47843 0.52941 0.19608 VisualC
14 0.47059 0.070588 0.52157 VisualA
15 0.47843 0.52941 0.20392 VisualC
17 0.47059 0.070588 0.51765 VisualA
18 1 0.0039216 0.0039216 VisualB
19 0.47843 0.52941 0.19216 VisualC
23 0.47059 0.070588 0.51373 VisualA
24 1 0 0.015686 VisualB
27 0.47059 0.070588 0.5098 VisualA
28 0.2902 0.60784 0.22745 DorsAttnA
31 0.47059 0.070588 0.50196 VisualA
73 0.47059 0.070588 0.50588 VisualA
75 0.2902 0.60784 0.22353 DorsAttnA
77 0.2902 0.60784 0.21569 DorsAttnA
78 0.2902 0.60784 0.21961 DorsAttnA
80 0 0.46275 0.066667 DorsAttnB
81 0.2902 0.60784 0.24706 DorsAttnA
82 0.47059 0.070588 0.54902 VisualA
86 0.47059 0.070588 0.5451 VisualA
87 0.90196 0.58039 0.13725 ContA
88 0.2902 0.60784 0.23529 DorsAttnA
91 0 0.46275 0.062745 DorsAttnB
127 0.90196 0.58039 0.12549 ContA
203 0.47059 0.070588 0.53725 VisualA
204 0.47059 0.070588 0.52941 VisualA
205 0.47059 0.070588 0.53333 VisualA
206 1 0 0 VisualB
208 0.47843 0.52941 0.2 VisualC
209 0.47059 0.070588 0.52549 VisualA
210 0.47843 0.52941 0.20392 VisualC
211 1 0 0.0039216 VisualB
213 0.47843 0.52941 0.19608 VisualC
215 1 0.0039216 0.0078431 VisualB
216 0.47059 0.070588 0.52157 VisualA
218 0.47059 0.070588 0.51373 VisualA
219 1 0.0039216 0.011765 VisualB
221 0.47843 0.52941 0.19216 VisualC
222 0.47059 0.070588 0.51765 VisualA
223 1 0 0.015686 VisualB
226 0.47059 0.070588 0.50588 VisualA
227 0.47059 0.070588 0.5098 VisualA
229 1 0 0.019608 VisualB
230 0.47059 0.070588 0.49804 VisualA
275 0.47059 0.070588 0.50196 VisualA
278 0.2902 0.60784 0.21569 DorsAttnA
280 0.90196 0.58039 0.12549 ContA
281 0.2902 0.60784 0.21961 DorsAttnA
282 0.2902 0.60784 0.23922 DorsAttnA
284 0.47059 0.070588 0.54902 VisualA
285 0.90196 0.58039 0.15294 ContA
286 0.47059 0.070588 0.55294 VisualA
290 0.47059 0.070588 0.5451 VisualA
291 0.2902 0.60784 0.22353 DorsAttnA
293 0.2902 0.60784 0.22745 DorsAttnA
301 1 0.59608 0.84314 SalVenAttnB
311 0.76863 0.22745 0.99608 SalVenAttnA
336 0.90196 0.58039 0.11765 ContA
349 0.90196 0.58039 0.14118 ContA
350 0.90196 0.58039 0.13725 ContA
351 0.46667 0.54902 0.69412 ContC
352 0.52941 0.19608 0.30588 ContB
354 0.52941 0.19608 0.30196 ContB
356 0.46667 0.54902 0.71765 ContC
