3 0.2576 0.1814 0.7501
4 0.2676 0.2052 0.8148
5 0.2788 0.2598 0.9035
6 0.2781 0.2543 0.8973
8 0.2798 0.2708 0.915
9 0.2798 0.2708 0.915
11 0.2813 0.315 0.9524
12 0.2784 0.3529 0.9763
14 0.2741 0.3748 0.9862
15 0.2691 0.3916 0.9912
17 0.2647 0.403 0.9935
18 0.2473 0.4319 0.9983
19 0.1831 0.5084 0.9793
23 0.1806 0.5191 0.9738
24 0.1492 0.5997 0.9147
27 0.1573 0.5854 0.9254
28 0.1446 0.6135 0.905
31 0.0433 0.7039 0.8242
73 0.154 0.5902 0.9218
75 0.0914 0.6828 0.8562
77 0.1686 0.5705 0.9357
78 0.0964 0.6789 0.8609
80 0.0628 0.6972 0.8355
81 0.0638 0.7446 0.7292
82 0.0638 0.7446 0.7292
86 0.2006 0.4803 0.9906
87 0.1847 0.503 0.9819
88 0.1831 0.5084 0.9793
91 0.2803 0.3367 0.967
127 0.0914 0.6828 0.8562
203 0.2422 0.1504 0.6603
204 0.2729 0.2231 0.8528
205 0.2661 0.2011 0.8043
206 0.2798 0.2708 0.915
208 0.2813 0.315 0.9524
209 0.274 0.228 0.8612
210 0.2813 0.2985 0.9397
211 0.2813 0.2985 0.9397
213 0.2754 0.3693 0.984
215 0.2556 0.4203 0.9965
216 0.2784 0.3529 0.9763
218 0.2473 0.4319 0.9983
219 0.2556 0.4203 0.9965
221 0.1785 0.5296 0.9677
222 0.2189 0.462 0.9968
223 0.154 0.5902 0.9218
226 0.1573 0.5854 0.9254
227 0.1649 0.5755 0.9323
229 0.0914 0.6828 0.8562
230 0.1152 0.6584 0.8804
275 0.1446 0.6135 0.905
278 0.1461 0.6089 0.908
280 0.0328 0.7071 0.8183
281 0.154 0.5902 0.9218
282 0.0091 0.7163 0.8003
284 0.0964 0.6789 0.8609
285 0.0009 0.7248 0.7815
286 0.0018 0.7275 0.7752
290 0.195 0.4861 0.9887
291 0.195 0.4861 0.9887
293 0.2661 0.2011 0.8043
301 0.2791 0.3475 0.9733
311 0.2781 0.2543 0.8973
336 0.1475 0.6043 0.9113
349 0.2503 0.1648 0.7071
350 0.2798 0.2708 0.915
351 0.2676 0.2052 0.8148
352 0.2811 0.3204 0.9563
354 0.2473 0.4319 0.9983
356 0.1119 0.6627 0.877
