3 0.47059 0.070588 0.53725 VisualA
4 1 0 0.0078431 VisualB
5 0.47059 0.070588 0.53333 VisualA
6 0.47059 0.070588 0.52941 VisualA
8 0.47059 0.070588 0.52549 VisualA
9 0.47843 0.52941 0.2 VisualC
10 1 0 0.0039216 VisualB
11 1 0 0 VisualB
12 0.47843 0.52941 0.19608 VisualC
14 0.47059 0.070588 0.52157 VisualA
15 0.47843 0.52941 0.20392 VisualC
16 1 0 0.011765 VisualB
17 0.47059 0.070588 0.51765 VisualA
18 1 0.0039216 0.0039216 VisualB
19 0.47843 0.52941 0.19216 VisualC
21 1 0.0039216 0.0078431 VisualB
22 1 0.0039216 0.011765 VisualB
23 0.47059 0.070588 0.51373 VisualA
24 1 0 0.015686 VisualB
25 1 0 0.023529 VisualB
26 1 0.0039216 0 VisualB
27 0.47059 0.070588 0.5098 VisualA
28 0.2902 0.60784 0.22745 DorsAttnA
29 1 0 0.019608 VisualB
30 1 0 0.027451 VisualB
31 0.47059 0.070588 0.50196 VisualA
47 0.16471 0.8 0.64706 SomMotB
50 0.16471 0.8 0.64314 SomMotB
54 0.76863 0.22745 0.99608 SalVenAttnA
61 0 0.46275 0.058824 DorsAttnB
73 0.47059 0.070588 0.50588 VisualA
75 0.2902 0.60784 0.22353 DorsAttnA
77 0.2902 0.60784 0.21569 DorsAttnA
78 0.2902 0.60784 0.21961 DorsAttnA
80 0 0.46275 0.066667 DorsAttnB
81 0.2902 0.60784 0.24706 DorsAttnA
82 0.47059 0.070588 0.54902 VisualA
83 0.2902 0.60784 0.24314 DorsAttnA
86 0.47059 0.070588 0.5451 VisualA
87 0.90196 0.58039 0.13725 ContA
88 0.2902 0.60784 0.23529 DorsAttnA
89 0.2902 0.60784 0.23137 DorsAttnA
90 0.2902 0.60784 0.23922 DorsAttnA
91 0 0.46275 0.062745 DorsAttnB
99 0.90196 0.58039 0.12941 ContA
101 1 0.59608 0.82745 SalVenAttnB
110 0.76863 0.22745 0.96078 SalVenAttnA
112 0.76863 0.22745 1 SalVenAttnA
127 0.90196 0.58039 0.12549 ContA
130 0.52941 0.19608 0.28235 ContB
131 0.90196 0.58039 0.12157 ContA
132 0.90196 0.58039 0.11765 ContA
140 0.90196 0.58039 0.1451 ContA
141 0.90196 0.58039 0.14118 ContA
144 0.46667 0.54902 0.70196 ContC
145 0 0 0.52157 DefaultC
148 0.52941 0.19608 0.30588 ContB
185 0.035294 0.16078 0.98039 Language
189 0.047059 0.18824 0.99608 Language
194 0.46667 0.54902 0.70588 ContC
203 0.47059 0.070588 0.53725 VisualA
204 0.47059 0.070588 0.52941 VisualA
205 0.47059 0.070588 0.53333 VisualA
206 1 0 0 VisualB
208 0.47843 0.52941 0.2 VisualC
209 0.47059 0.070588 0.52549 VisualA
210 0.47843 0.52941 0.20392 VisualC
211 1 0 0.0039216 VisualB
212 1 0 0.0078431 VisualB
214 1 0 0.011765 VisualB
215 1 0.0039216 0.0078431 VisualB
216 0.47059 0.070588 0.52157 VisualA
218 0.47059 0.070588 0.51373 VisualA
219 1 0.0039216 0.011765 VisualB
220 1 0.0039216 0.015686 VisualB
221 0.47843 0.52941 0.19216 VisualC
222 0.47059 0.070588 0.51765 VisualA
223 1 0 0.015686 VisualB
224 1 0.0039216 0 VisualB
225 1 0 0.023529 VisualB
226 0.47059 0.070588 0.50588 VisualA
227 0.47059 0.070588 0.5098 VisualA
228 1 0 0.027451 VisualB
229 1 0 0.019608 VisualB
230 0.47059 0.070588 0.49804 VisualA
252 0.16471 0.8 0.64706 SomMotB
261 0 0.46275 0.054902 DorsAttnB
271 0.2902 0.60784 0.25098 DorsAttnA
274 0 0 0.4902 DefaultC
275 0.47059 0.070588 0.50196 VisualA
277 0.2902 0.60784 0.24314 DorsAttnA
278 0.2902 0.60784 0.21569 DorsAttnA
279 0 0.46275 0.047059 DorsAttnB
280 0.90196 0.58039 0.12549 ContA
281 0.2902 0.60784 0.21961 DorsAttnA
282 0.2902 0.60784 0.23922 DorsAttnA
284 0.47059 0.070588 0.54902 VisualA
285 0.90196 0.58039 0.15294 ContA
286 0.47059 0.070588 0.55294 VisualA
287 0.2902 0.60784 0.23137 DorsAttnA
288 0.2902 0.60784 0.23529 DorsAttnA
290 0.47059 0.070588 0.5451 VisualA
291 0.2902 0.60784 0.22353 DorsAttnA
292 0 0.46275 0.058824 DorsAttnB
293 0.2902 0.60784 0.22745 DorsAttnA
301 1 0.59608 0.84314 SalVenAttnB
306 1 0.59608 0.82353 SalVenAttnB
309 1 0.59608 0.80784 SalVenAttnB
310 1 0.59608 0.84706 SalVenAttnB
311 0.76863 0.22745 0.99608 SalVenAttnA
312 0.76863 0.22745 0.96471 SalVenAttnA
314 0.76863 0.22745 0.96078 SalVenAttnA
315 1 0.0039216 0.0039216 VisualB
333 0.46667 0.54902 0.67451 ContC
334 0.90196 0.58039 0.12157 ContA
335 0.90196 0.58039 0.11373 ContA
336 0.90196 0.58039 0.11765 ContA
337 0.52941 0.19608 0.28235 ContB
345 0.46667 0.54902 0.69804 ContC
346 0.90196 0.58039 0.1451 ContA
347 0.047059 0.18824 1 Language
349 0.90196 0.58039 0.14118 ContA
350 0.90196 0.58039 0.13725 ContA
351 0.46667 0.54902 0.69412 ContC
352 0.52941 0.19608 0.30588 ContB
353 0.047059 0.18824 0.99608 Language
354 0.52941 0.19608 0.30196 ContB
355 0.90196 0.58039 0.13333 ContA
356 0.46667 0.54902 0.71765 ContC
361 0.90196 0.58039 0.14902 ContA
363 0 0 0.49412 DefaultC
394 0 0 0.51373 DefaultC
